319
1977
782
638
1804
1719
40
1703
1338
1729
1808
1918
1611
1837
1789
327
285
1182
735
1640
1531
1749
948
1396
1981
1454
1831
1119
1113
1856
1632
381
107
1140
160
1899
540
670
1659
1598
1153
779
1233
1990
748
959
1430
1702
1778
297
1137
1848
1732
26
787
227
1833
1242
1823
264
209
584
225
1873
176
1536
1503
697
1629
427
1745
512
1076
239
486
751
516
958
647
1021
24
128
1340
815
718
1784
648
81
352
1932
65
1297
847
1394
1388
569
553
1360
1814
1211
1456
732
73
1350
551
625
771
1493
1539
36
1711
875
595
801
240
80
1243
1410
1154
392
887
1422
344
1696
362
448
1665
1682
850
1917
197
1156
1143
1435
1565
1291
55
1989
263
93
1012
1155
541
316
220
1189
702
45
1308
1325
205
324
34
387
376
988
103
960
1089
643
1622
1838
555
1731
1159
1235
25
1253
1146
1061
1379
880
28
1476
1172